"0","admin","admin"
"1","admin123@wso2autoQA0001.org","admin123"
"2","admin123@wso2autoQA0002.org","admin123"
"3","admin123@wso2autoQA0003.org","admin123"
"4","admin123@wso2autoQA0004.org","admin123"
"5","admin123@wso2autoQA0005.org","admin123"
"6","admin123@wso2autoQA0006.org","admin123"
"7","admin123@wso2autoQA0007.org","admin123"
"8","admin123@wso2autoQA0008.org","admin123"
"9","admin123@wso2autoQA0009.org","admin123"
"10","admin123@wso2autoQA0010.org","admin123"
"11","admin123@wso2autoQA0011.org","admin123"
"12","admin123@wso2autoQA0012.org","admin123"
"13","admin123@wso2autoQA0013.org","admin123"
"14","admin123@wso2autoQA0014.org","admin123"
"15","admin123@wso2autoQA0015.org","admin123"
